Graph NumThread Time
cp 1 0.0364307
cp 2 0.0265248
cp 4 0.0242301
cp 8 0.0128593
cp 16 0.0115311
cp 1 0.0362162
cp 2 0.0266382
cp 4 0.0200709
cp 8 0.0118901
cp 16 0.0114838
cp 1 0.0367486
cp 2 0.0268996
cp 4 0.0195284
cp 8 0.0133483
cp 16 0.0115811
cp 1 0.0368663
cp 2 0.0265935
cp 4 0.0242964
cp 8 0.0157416
cp 16 0.0105942
cp 1 0.036101
cp 2 0.0267467
4 0.0250011
8 0.0129699
16 0.0093846
1 0.0362735
2 0.0268254
4 0.0196759
8 0.0154274
16 0.0100391
1 0.0360925
2 0.0267849
4 0.0180718
8 0.0119939
16 0.0104403
1 0.0363041
2 0.0268392
4 0.0183293
8 0.0126586
16 0.0105698
1 0.0361318
2 0.0268767
4 0.0196484
8 0.0133142
16 0.0114125
1 0.0361083
2 0.0265261
4 0.0182343
8 0.0153486
16 0.0113983
1 1.98439
2 1.28724
4 0.802597
8 0.625298
16 0.470438
1 1.92381
2 1.30324
4 0.900301
8 0.644841
16 0.479266
1 1.93023
2 1.24883
4 0.840378
8 0.55568
16 0.453977
1 1.92907
2 1.18859
4 0.941434
8 0.544957
16 0.449855
1 1.91668
2 1.41585
4 0.972955
8 0.648637
16 0.5733
1 1.92624
2 1.2917
4 0.84936
8 0.508906
16 0.466953
1 1.94133
2 1.38588
4 0.936304
8 0.593503
16 0.441924
1 1.95762
2 1.3672
4 0.848081
8 0.580558
16 0.476057
1 1.92917
2 1.33076
4 0.821263
8 0.572284
16 0.441812
1 1.94856
2 1.3583
4 0.8745
8 0.608086
16 0.489803
1 1.0599
2 0.901484
4 0.538877
8 0.274538
16 0.26001
1 1.05142
2 0.977064
4 0.537169
8 0.281282
16 0.192179
1 1.07569
2 0.798378
4 0.489521
8 0.293876
16 0.240298
1 1.05668
2 0.727475
4 0.40152
8 0.295399
16 0.196545
1 1.05384
2 0.929975
4 0.538055
8 0.284228
16 0.211798
1 1.05305
2 0.974407
4 0.542007
8 0.312329
16 0.191819
1 1.05397
2 0.728854
4 0.463036
8 0.268166
16 0.188201
1 1.05271
2 0.633731
4 0.479101
8 0.294808
16 0.20227
1 1.05685
2 0.883182
4 0.462415
8 0.281911
16 0.186236
1 1.06523
2 0.621464
4 0.426862
8 0.258067
16 0.198536
1 1.57991
2 1.03065
4 0.724426
8 0.604402
16 1.07134
1 1.79751
2 1.02144
4 0.722842
8 0.605642
16 1.07548
1 1.60763
2 1.01186
4 0.718905
8 0.602396
16 1.06452
1 1.59088
2 1.02272
4 0.722163
8 0.617503
16 1.07263
1 1.58709
2 1.02772
4 0.716863
8 0.607833
16 1.07007
1 1.57813
2 1.0184
4 0.726352
8 0.614603
16 1.06176
1 1.58028
2 1.04292
4 0.720017
8 0.611624
16 1.0738
1 1.60176
2 1.03251
4 0.717713
8 0.603115
16 1.0586
1 1.58687
2 1.0145
4 0.715093
8 0.605925
16 1.08336
1 1.58494
2 1.03248
4 0.721402
8 0.616981
16 1.07912
1 0.182533
2 0.132109
4 0.076921
8 0.0451927
16 0.0431685
1 0.189841
2 0.126207
4 0.0745456
8 0.0477878
16 0.0412571
1 0.182391
2 0.136184
4 0.0780092
8 0.0450671
16 0.0429967
1 0.182435
2 0.126576
4 0.073612
8 0.0482339
16 0.0424271
1 0.181287
2 0.129283
4 0.0785411
8 0.0477001
16 0.0416254
1 0.185958
2 0.127683
4 0.075549
8 0.0460307
16 0.0431521
1 0.182935
2 0.133856
4 0.0780081
8 0.0457069
16 0.0412721
1 0.184519
2 0.126656
4 0.0777585
8 0.0472227
16 0.0433645
1 0.193244
2 0.141298
4 0.0732348
8 0.0493697
16 0.0405549
1 0.186944
2 0.133597
4 0.0715949
8 0.0477883
16 0.0443668
